1744288566248 0.5128644108772278 0
1744288566367 0.3993111848831177 1
1744288566460 0.35836654901504517 2
1744288566607 0.33645856380462646 3
1744288566794 0.3346783518791199 4
1744288566951 0.3164427876472473 5
1744288567090 0.3073870539665222 6
1744288567201 0.31078040599823 7
1744288567308 0.2975068688392639 8
1744288567411 0.30016109347343445 9
1744288567506 0.2945331037044525 10
1744288567642 0.2919118404388428 11
1744288567763 0.289379745721817 12
1744288568179 0.28745442628860474 13
1744288568278 0.286874920129776 14
1744288568393 0.27678367495536804 15
1744288568474 0.278818279504776 16
1744288568565 0.2717301845550537 17
1744288568633 0.2648322284221649 18
1744288568795 0.2707327902317047 19
1744288568877 0.2657361626625061 20
1744288569054 0.2621208429336548 21
1744288569154 0.2548586130142212 22
1744288569258 0.25788983702659607 23
1744288569349 0.25485795736312866 24
